var_00.bin K=8 flens=3833,3085,4843,3903,3095,1558,1264,4927 strides=55,184,84,110,194,172,74,172 bytes=106032
var_01.bin K=16 flens=4762,2275,865,2884,4907,2363,4156,3049,487,1613,1486,1624,3896,716,4245,3951 strides=198,44,87,106,178,146,135,107,175,81,34,132,95,79,171,69 bytes=173116
var_02.bin K=8 flens=1032,2584,2799,1812,3754,4352,1426,1135 strides=174,38,109,120,174,52,188,156 bytes=75576
var_03.bin K=32 flens=4030,1844,559,4269,1516,3017,794,4540,2497,1650,1219,2167,1494,2927,491,2915,853,4992,2228,3437,4165,4931,3091,2378,2858,1737,4711,3086,1090,325,4872,4306 strides=97,88,98,92,114,40,46,87,29,131,5,90,91,171,148,197,12,109,140,56,7,187,135,197,62,156,68,170,113,9,190,135 bytes=339956
var_04.bin K=16 flens=2676,2142,679,2318,2992,3679,1615,1628,1709,4784,2656,1474,1735,1265,1049,885 strides=36,10,70,185,33,57,164,188,81,140,86,121,153,110,16,82 bytes=133144
var_05.bin K=16 flens=459,3838,1956,408,1668,2052,3837,3066,4228,1664,1068,1762,1711,3546,3514,2683 strides=113,152,115,2,76,11,108,127,63,139,83,144,143,57,194,73 bytes=149840
var_06.bin K=32 flens=1639,787,1384,4310,380,2739,2734,4977,1894,4634,3573,3900,2853,318,4687,1818,1030,1502,2208,792,2123,2238,4748,829,1509,3157,3133,4951,1625,2642,743,1553 strides=136,76,200,33,166,168,166,18,102,10,180,200,35,166,138,89,126,92,61,29,143,166,124,154,102,52,189,61,72,197,186,48 bytes=309640
var_07.bin K=32 flens=1878,2579,4271,623,1438,4191,3605,3310,3369,3359,2925,1334,2894,1042,1432,739,3784,1440,4416,1122,3060,4074,2996,2877,2185,615,4717,2593,4138,2390,3408,1846 strides=107,71,149,40,16,44,37,23,54,168,178,27,39,90,18,13,175,179,106,137,134,50,15,64,108,125,76,135,2,127,192,184 bytes=338600
var_08.bin K=8 flens=3196,1868,2654,639,1770,1660,1746,3603 strides=150,164,82,14,46,145,179,68 bytes=68544
var_09.bin K=8 flens=3502,2716,3740,362,4196,4747,1234,2198 strides=56,161,166,128,131,93,30,11 bytes=90780
